0 0.5144658088684082 0.15524991772550367 0.13973045349121094 0.31049983545100734
0 0.5020753860473632 0.8322972112522894 0.12755908966064455 0.26136657938415747
0 0.5014538288116455 0.48861768114697796 0.1598163604736328 0.31543934581043953
0 0.8833453178405761 0.7813037467090201 0.09271125793457025 0.21935793698489015
0 0.0685751348733902 0.4477017692593865 0.06863271594047546 0.1495879120879121
0 0.9582435607910156 0.43849033453525643 0.06060314178466797 0.14456451751373628
0 0.06167452931404114 0.07597083905677657 0.046372675895690926 0.11845157609317765
0 0.9337189674377442 0.07902040586366758 0.04938011169433587 0.11276470924908426
0 0.22583667652027029 0.08543708543708546 0.056086359797297286 0.12251262251262253
0 0.20967060810810811 0.444931194931195 0.06466427364864866 0.13612513612513608
0 0.8546637457770271 0.12751212751212754 0.0428895692567568 0.09776259776259776
0 0.7896695523648649 0.20733095733095736 0.0395903716216216 0.08415008415008414
0 0.22616659628378377 0.7431689931689931 0.0435494087837838 0.10395010395010398
0 0.12059227195945946 0.8050440550440552 0.042229729729729715 0.0891000891000891
0 0.790989231418919 0.44678744678744675 0.05674619932432434 0.12746262746262738
0 0.03745249155405405 0.8137065637065637 0.04750844594594594 0.0891000891000891
