0 0.2275644779205322 0.08332728147506713 0.160736346244812 0.1296755790710449
0 0.08009964823722839 0.083335742354393 0.16019929647445677 0.1476898491382599
0 0.4561243057250976 0.633195686340332 0.1109739303588867 0.08710613250732428
0 0.5264185667037964 0.10876437425613401 0.11750707626342771 0.09679794311523438
0 0.7748968362808227 0.10217864215373994 0.13339991569519039 0.11491327881813047
0 0.7805444955825805 0.5980105400085449 0.12638525962829594 0.1124938011169434
0 0.8886237144470215 0.05490813255310059 0.12266664505004876 0.09862265586853027
0 0.2610660910606384 0.5967241287231445 0.14591903686523439 0.1256800651550293
0 0.9539079666137695 0.6645620822906494 0.0908277511596679 0.08701171874999998
0 0.3628101825714111 0.6462616443634033 0.12040271759033205 0.09665842056274417
0 0.4311174665178571 0.24946521577380953 0.12730189732142838 0.10695684523809523
