0 0.5011444091796875 0.49366242625368734 0.038909912109375 0.06913716814159292
0 0.5942230224609375 0.5074898598820059 0.032806396484375 0.07605088495575221
0 0.693023681640625 0.5069137168141593 0.0396728515625 0.06568030973451328
0 0.8063201904296875 0.5403300147492626 0.037384033203125 0.07028945427728614
0 0.87994384765625 0.519012721238938 0.0396728515625 0.06452802359882005
0 0.86468505859375 0.3720962389380531 0.0335693359375 0.06107116519174041
0 0.409210205078125 0.510370575221239 0.0396728515625 0.06107116519174041
0 0.296295166015625 0.5005761430678466 0.03814697265625 0.06222345132743363
0 0.2005462646484375 0.5322640117994101 0.045013427734375 0.06568030973451328
0 0.09144592285156251 0.38592367256637167 0.037384033203125 0.06568030973451328
0 0.17193603515625 0.3565403761061947 0.03509521484375 0.059918879056047196
0 0.236785888671875 0.33810379793510326 0.0335693359375 0.06222345132743363
0 0.274169921875 0.3715200958702065 0.03509521484375 0.059918879056047196
0 0.34283447265625 0.3525073746312684 0.0335693359375 0.056462020648967555
0 0.410736083984375 0.34386522861356933 0.03509521484375 0.059918879056047196
0 0.442779541015625 0.3594210914454277 0.030517578125 0.05415744837758112
0 0.51068115234375 0.35135508849557523 0.0335693359375 0.05415744837758112
0 0.5591278076171875 0.3553880899705015 0.031280517578125 0.05530973451327434
0 0.5911712646484375 0.3640302359882006 0.028228759765625 0.05876659292035398
0 0.6239776611328125 0.350202802359882 0.031280517578125 0.06337573746312684
0 0.660980224609375 0.3790099557522124 0.03204345703125 0.05876659292035398
0 0.677001953125 0.34616980088495575 0.030517578125 0.04839601769911504
0 0.7048492431640625 0.36921552359882004 0.031280517578125 0.06683259587020648
0 0.732696533203125 0.3703678097345133 0.02593994140625 0.059918879056047196
0 0.7658843994140625 0.35308351769911506 0.032806396484375 0.059918879056047196
0 0.8021240234375 0.3744008112094395 0.03204345703125 0.07259402654867257
