0 0.6609629154205323 0.03712343702129289 0.07594594955444334 0.07424687404258579
0 0.75390625 0.08708189158016148 0.07123161764705888 0.0726643598615917
0 0.8102022058823529 0.4100346020761246 0.057444852941176405 0.058823529411764705
0 0.758501838235294 0.4325259515570934 0.05055147058823528 0.062283737024221485
0 0.24437040441176472 0.09630911188004615 0.0494025735294118 0.06574394463667822
0 0.23920036764705882 0.1649365628604383 0.05514705882352944 0.05074971164936561
0 0.3305376838235293 0.12572087658592848 0.0677849264705882 0.06459054209919263
0 0.39085477941176466 0.15282583621683968 0.059742647058823595 0.07497116493656286
0 0.0559512867647059 0.08881199538638984 0.0494025735294118 0.0461361014994233
0 0.11282169117647062 0.1003460207612457 0.048253676470588314 0.05305651672433681
0 0.22311580882352938 0.7883506343713956 0.0390625 0.03575547866205308
0 0.353515625 0.7808535178777394 0.040211397058823484 0.0392156862745098
0 0.63671875 0.8292964244521338 0.07123161764705888 0.07381776239907724
